182.3143
186.0793
183.2556
182.6822
181.5783
175.8869
179.4746
173.0213
179.6404
179.1533
178.2019
181.0354
177.5532
176.3316
179.9043
186.5207
181.7556
171.0285
182.3799
182.1897
181.0242
178.8921
179.2089
181.223
178.332
177.1031
178.2485
179.049
181.4854
181.0677
181.7127
172.6086
172.7179
169.7559
185.87
181.1863
180.0553
183.8293
240.4034
271.3731
267.9531
270.9496
272.2902
271.2715
268.3307
266.8834
268.0493
270.0713
275.1982
267.7006
271.0799
271.1679
273.7263
274.2312
271.1891
272.9499
271.9833
273.6275
273.5658
271.8054
271.9345
276.6643
272.2244
275.0949
276.8682
274.1032
276.353
270.2216
274.8322
271.6624
318.4306
6.771872
3.630954
359.3142
355.6647
2.060072
359.778
357.817
358.683
358.5661
359.373
359.3741
356.6144
0.9036135
358.4418
357.6864
2.605608
1.941677
4.668835
3.266039
359.8904
358.8522
357.1958
350.2826
355.7084
355.0463
0.8269628
2.667613
5.95682
2.207924
0.2320493
359.264
2.577642
359.0222
0.4489453
1.942439
49.41873
87.70538
88.65777
90.38069
89.35648
95.70695
89.4983
92.63425
92.61581
91.93958
93.50501
94.258
93.91278
91.94531
96.04036
95.76807
91.98257
96.07887
95.40279
92.95667
93.43661
87.4608
95.98996
89.5666
89.49323
92.16914
93.56336
86.81981
94.69543
96.52788
100.6688
97.62717
101.7692
102.1491
104.7341
