177.9512
176.787
176.2165
176.3353
177.5878
177.3953
177.5657
178.1427
176.7647
177.4015
176.6785
178.3904
170.8508
180.6985
180.3255
181.6038
178.8826
175.7972
177.004
175.6662
172.8232
178.4491
180.4337
179.4155
179.4154
177.1638
176.6402
178.974
178.8231
181.4114
177.5077
182.3625
175.9989
175.7466
175.1511
174.1673
182.8963
216.1243
267.0192
271.0288
271.2479
266.6223
265.6965
266.2109
267.8535
267.1463
265.1172
260.1111
266.0742
265.3495
265.9394
270.129
265.9407
266.6424
267.0217
266.3311
258.975
267.4063
265.7105
261.9803
268.4575
258.626
263.0704
268.4707
262.0399
263.0807
260.5182
310.2321
6.764732
3.093995
356.5859
357.482
355.748
357.7188
359.7162
359.2324
1.036404
352.6812
358.278
359.1229
359.5865
356.6905
357.3032
355.697
357.3846
357.2874
352.7965
354.1548
0.3493611
2.007963
5.602658
355.4519
357.8524
358.4267
359.272
358.8863
2.409894
1.013174
2.172714
4.017028
3.468978
358.88
2.523994
1.557001
0.4759001
34.0332
80.60657
87.12307
88.07371
87.4754
90.0519
89.16658
90.92259
92.09212
90.07018
86.04281
94.53082
89.72072
92.05212
85.72058
87.3484
83.26753
89.54985
93.11827
91.99638
87.325
88.64063
89.92906
87.08693
89.41792
90.68372
91.49106
90.27467
91.16196
92.98364
90.80278
94.2938
96.07563
