183.053
184.1827
177.2666
181.4366
176.5848
180.0466
184.5829
182.3329
173.4068
179.0311
177.481
185.3661
187.5834
192.0015
188.0106
184.1131
182.2788
182.634
182.932
188.9706
185.5209
180.8451
182.6696
178.8029
182.0144
183.4124
181.0739
183.1101
178.6776
180.0227
191.9606
179.9353
198.634
183.8952
177.3917
178.8793
243.905
297.4283
285.3171
281.3954
275.8889
275.0106
276.6403
285.8269
271.1693
278.1077
269.4126
277.2285
270.2907
274.7632
276.498
275.9447
278.4272
271.53
275.1879
275.7942
275.9212
280.3317
297.3556
346.762
1.209651
4.712492
4.84112
3.704769
0.5668442
1.709183
359.0811
359.2315
358.6427
356.9007
355.8584
353.7083
349.7976
352.792
355.358
352.4059
353.594
353.939
354.2761
351.4923
354.4643
355.8051
356.228
355.8847
356.3927
352.8686
356.0046
352.1288
349.4317
351.4113
353.9079
348.9403
349.862
28.23345
80.18505
81.11416
83.32511
79.67809
81.42831
80.49926
79.95834
79.6737
81.09583
84.93319
83.85326
84.96052
81.35274
85.63708
86.58887
87.35533
87.0665
90.07384
87.44987
88.09718
86.61466
91.43827
88.8235
83.17925
88.48255
90.12634
82.32324
96.4361
93.56293
