186.6828
192.07
188.2778
190.8997
185.9486
183.5977
187.6357
182.0901
188.5547
187.0276
186.2763
185.4908
187.5808
183.9613
181.6904
178.116
181.9277
181.1975
178.9504
178.8643
183.3059
184.7986
178.5873
178.2866
175.9257
169.6184
197.3288
184.0665
231.3952
272.2834
276.0932
268.9642
263.1467
269.6367
262.4327
270.7481
263.4514
266.9143
270.6894
261.9442
269.3527
260.1555
261.0945
260.3388
271.5939
259.8347
263.5743
275.8124
264.3291
269.3472
269.9873
272.2475
272.6607
277.6532
280.5497
278.9946
333.3212
359.4363
358.0968
356.8473
356.4106
356.1222
1.093632
0.4933687
356.9881
355.5907
354.2504
1.258714
352.8868
349.0049
355.0554
358.0059
352.524
0.03046286
2.341442
1.938964
356.0865
349.8238
352.3828
358.3358
0.3593187
5.437917
3.512303
4.947164
3.657227
43.19801
83.00678
86.49384
83.84302
83.60907
85.77009
84.33023
86.23225
84.68571
82.84735
90.06147
87.465
86.28909
91.85375
90.21559
83.80986
84.51179
81.14843
84.56452
84.39433
83.52119
85.20058
85.51339
87.38831
83.04684
82.97643
83.05515
84.80854
82.0435
87.13622
80.68726
81.41553
82.15185
