181.0764
180.5536
178.63
176.0145
178.3484
178.6538
179.6459
179.225
181.5487
182.2014
182.134
184.453
177.202
186.5351
188.7991
186.162
178.5999
176.1583
188.3997
187.4813
185.6945
178.483
186.4617
184.2648
183.1551
179.7608
188.0506
182.3918
181.2848
179.0516
188.2784
182.6262
175.2081
190.4182
185.1047
191.6491
177.3063
170.113
166.1176
239.1891
281.991
274.6688
267.1116
270.2218
273.0061
265.4981
263.8726
266.5991
267.3035
266.5523
260.4919
265.6549
260.0497
262.1848
261.5443
261.5327
262.8928
265.2794
267.946
263.9174
261.5826
266.7245
266.6901
268.5778
327.8243
357.5119
356.9245
359.948
358.1979
357.0071
357.5228
359.1067
357.0551
354.608
354.3603
355.2118
357.513
355.2243
354.3567
354.2554
354.1201
354.4138
356.2927
351.3867
353.5045
349.2971
355.0225
353.6365
351.1531
356.067
0.09919211
1.718724
359.5207
358.545
355.619
359.4259
0.09151535
359.3019
47.3968
91.2458
90.30767
90.14504
92.22364
89.81387
89.57888
90.5635
92.24651
88.81981
88.8841
91.02103
87.58334
89.63689
85.30978
85.73245
86.96432
81.83637
87.77544
87.57485
90.62112
88.6248
91.06173
86.49319
86.85712
87.27953
89.21143
91.2804
90.14968
89.56934
93.13528
89.12749
