181.8524
180.6726
179.9367
176.2463
175.9279
176.2175
177.8619
177.2636
180.2098
177.5473
171.3248
178.5106
176.5377
178.8923
182.0687
183.3553
181.6589
178.8552
178.4854
174.8802
174.7347
177.9111
174.7241
176.319
169.678
170.1633
174.0625
169.8689
173.1143
170.5447
192.916
165.1539
188.8712
197.43
170.5564
194.215
223.1211
276.3965
277.5877
279.6196
269.2028
270.8547
267.2059
268.8132
266.5585
264.1918
261.0518
264.1763
261.5357
264.7818
258.5533
259.8914
257.1223
265.4394
257.628
252.7674
267.0146
254.2619
267.8214
263.9177
271.399
274.4161
272.5715
314.8826
355.8908
353.1437
0.8045192
356.7521
359.0576
1.946722
355.8825
357.3242
359.4008
352.3783
353.499
357.9581
356.9749
357.7502
356.7571
354.4767
349.4888
351.1814
352.344
352.413
352.0658
355.4818
352.9823
348.4056
353.395
349.2147
352.2939
352.1931
353.2444
357.5416
356.7124
354.9207
354.5265
357.9335
357.7333
352.0531
352.6793
37.73462
85.62537
85.57699
86.5691
85.83092
84.29461
85.06429
84.97233
87.16233
88.36375
86.35624
84.62098
89.36583
86.94881
89.05516
88.99084
88.03805
90.18315
90.77177
92.19409
87.04639
91.09542
90.89032
84.36006
88.24841
89.29192
88.76748
90.00704
89.57825
88.55077
90.46836
91.75095
89.48395
86.99391
