184.1443
182.9073
181.3508
181.7119
180.3335
178.6691
181.1846
179.8114
185.6557
182.9138
182.1618
176.3341
179.5083
179.2416
183.9114
181.0971
179.8661
181.6504
178.6266
178.39
176.5347
182.2979
176.3018
178.3005
176.6003
176.4312
174.5921
174.9565
180.5239
173.4863
179.9005
175.3866
170.8186
187.2784
173.5955
166.1372
239.6013
274.8108
269.8506
268.5479
268.2948
266.0054
268.5411
265.6087
267.9662
263.4989
264.0537
264.9281
265.6075
260.7022
263.8274
263.3793
266.9204
266.0762
264.0373
266.4966
264.1141
266.0472
267.6594
269.6884
266.8902
330.0956
358.9987
359.0014
356.1408
1.943468
1.855272
353.7433
356.7371
1.499341
359.768
356.8567
356.3677
356.2796
356.8647
357.1567
358.8859
357.8904
355.4225
353.7386
354.3733
356.5259
1.226091
351.8076
354.8055
353.3138
354.9091
355.7601
359.7783
356.621
356.0135
345.767
353.3108
357.2818
2.09052
358.7451
359.2592
18.4469
84.2309
80.0199
80.47483
82.60474
84.8783
80.88102
78.58096
81.43465
83.01277
80.60302
82.31223
81.6479
79.01508
80.92358
79.4932
79.19837
79.08973
81.0908
79.09132
78.3555
77.2543
77.34293
76.07872
78.28307
81.82912
71.56363
81.74458
72.58813
76.92494
76.81763
81.50165
78.43868
