177.9936
175.6004
177.3185
178.0657
178.2409
174.603
174.2928
174.0043
179.0156
178.9876
176.4354
175.5832
174.2101
174.1162
179.4928
179.0604
176.5784
173.8594
173.0332
172.8314
171.8863
171.5128
169.6147
169.9508
170.7023
172.109
171.9813
174.69
172.543
170.9468
167.7594
169.3089
172.5278
175.0005
169.0479
247.924
277.6528
277.8734
271.9417
271.3383
268.1914
272.9565
269.9619
271.3397
266.3978
267.7648
269.9311
265.1238
268.887
264.0777
265.3947
265.6464
261.833
267.222
267.3512
263.0902
273.5088
271.1687
263.4597
268.7703
271.7765
268.7747
271.7876
322.8416
354.3417
2.414933
358.6569
1.156999
359.9277
354.3748
354.6115
349.1791
356.7906
358.2005
357.1823
357.0627
356.3354
353.8221
356.7344
357.9573
356.3283
355.8116
355.5484
357.392
343.3817
351.7096
355.0526
356.199
353.1463
356.5899
352.6096
349.2485
356.0758
356.8069
357.31
357.6382
42.95894
90.50255
85.88361
85.04718
87.68677
86.14921
83.77452
82.26437
85.33081
86.74296
85.61175
91.21632
86.25961
84.93057
89.72146
88.93199
86.31548
92.24332
87.69864
86.76044
89.74773
90.31036
88.70018
89.04295
90.06491
89.01135
92.17925
87.16138
91.90701
85.57126
88.77117
93.62556
92.05226
