180.1055
176.3179
175.9494
176.2286
176.1844
176.2001
179.6626
178.0098
178.1524
177.4315
176.7737
173.4702
178.7794
180.6788
181.2009
179.7968
177.213
182.0712
176.2826
176.1045
174.5383
171.487
169.728
172.4972
175.917
173.3952
172.3341
168.0232
168.4971
176.9699
174.0651
177.7922
168.8449
254.5402
265.156
277.8144
272.7205
269.4411
265.4633
276.3695
273.0461
255.3734
274.4987
271.9174
269.8273
266.0165
262.1082
272.8642
268.2989
269.5765
270.0984
267.4763
265.5128
269.6899
271.7914
273.5894
266.286
275.0387
277.3872
273.9384
273.0779
283.882
343.852
350.6693
352.0014
349.8748
350.1895
353.0758
353.389
353.3372
351.0834
0.6346206
353.6176
353.2739
357.9229
359.1801
355.8218
357.3543
0.9897638
358.0523
357.1046
357.2248
356.6813
357.1613
358.8369
357.5817
1.224392
357.5489
354.4131
353.3272
358.1391
0.7119072
1.828004
354.1643
359.9147
42.50006
84.25948
86.69304
83.88028
84.60889
85.91029
90.43721
88.70391
88.09249
87.96516
91.27622
90.70811
89.5966
93.56681
89.69135
90.97697
92.86711
88.78659
92.48052
88.32563
94.16825
92.5703
94.16982
91.86208
94.27332
97.14479
91.06691
89.76216
91.99517
92.49791
87.0263
90.47707
89.7826
88.61975
