183.3768
177.3132
181.0246
179.6831
176.3047
179.246
181.2147
182.1762
182.1282
181.9548
184.8213
184.9974
179.4469
174.611
187.2238
170.6008
180.9097
182.0753
180.7395
181.8188
179.8559
178.0901
177.7223
175.5721
172.9028
177.9052
183.1424
175.1385
168.7437
176.924
173.3617
185.9999
182.3401
172.6467
171.5069
176.7334
175.2316
239.2796
278.598
279.5466
276.3851
266.9039
275.4727
269.6378
261.5173
269.3288
262.9258
267.9979
266.6566
263.2053
268.1979
262.9013
264.0296
267.3611
268.3781
269.1504
257.8661
267.6696
265.4709
266.1047
266.9903
270.7379
266.6405
268.7835
270.2838
269.7242
330.742
0.7520466
355.6312
358.7948
356.1508
356.801
354.0813
356.9431
355.5618
356.2847
356.2994
357.356
357.6276
356.9653
350.5459
353.3176
354.3357
358.8051
356.9983
356.4182
359.796
5.688732
5.594844
4.45247
358.706
359.726
349.7729
354.3615
354.8925
355.6066
1.075702
359.7051
352.7722
42.71418
95.28773
94.2319
100.8947
95.15272
100.3656
93.78961
93.50668
93.82597
91.92091
93.58212
94.91078
92.75648
86.64236
85.41519
92.19309
85.69696
86.89063
84.87148
83.34345
87.83941
85.1586
86.12653
87.81467
88.74052
81.5024
78.03584
82.35102
89.57753
88.7534
81.81065
