181.2201
181.1881
182.1811
181.6383
180.1199
177.6306
174.4865
172.5643
180.6055
177.8988
178.5741
177.209
179.2834
176.5163
184.4576
180.0637
191.7382
186.3291
183.2298
182.9781
180.787
177.0258
180.8245
184.0675
179.1486
175.6983
173.9378
176.9883
172.4569
170.1956
176.437
178.724
217.7977
275.7532
276.5441
271.8917
268.6494
277.1346
266.4616
272.8428
277.5589
273.2494
272.5963
269.7416
276.6094
278.071
271.5786
273.0678
274.0758
271.5733
275.7097
270.0934
272.3159
274.959
270.007
270.0248
267.9842
268.5354
271.294
320.8151
357.9811
354.2948
353.4237
354.5673
352.4645
353.4155
349.1826
355.5762
355.1143
354.5388
357.7506
354.964
349.8058
354.3723
351.1292
355.3973
356.8867
354.9202
353.0428
355.7537
356.6606
347.4261
354.1111
358.3479
1.682971
0.9033025
355.3155
1.044679
0.7324929
359.9545
39.98962
90.94456
91.73252
93.72422
92.83381
90.85994
96.58664
93.18045
95.6162
95.3244
94.03619
94.58865
95.15505
95.04616
92.61483
93.29756
92.93753
93.28121
91.77253
93.56947
92.11727
91.33666
93.39075
92.16496
92.35325
88.52571
89.89996
87.5146
93.35027
90.80652
91.86769
