178.8926
179.1062
178.0435
176.6527
175.4227
176.486
178.4988
179.1283
175.0962
173.8613
172.2026
175.1969
172.7343
178.6085
174.9895
176.0334
176.2666
178.613
174.5022
176.5304
174.3491
172.4397
173.8039
175.15
173.8309
179.7942
175.788
176.0647
176.1692
181.9305
175.9171
175.1915
173.8888
183.4148
174.3907
219.9119
275.4794
277.7151
271.3403
274.0939
276.816
271.703
267.4133
272.7849
269.286
270.106
269.9936
268.3813
271.6739
272.6697
268.5319
263.6584
267.4961
273.7458
270.2715
272.5889
270.9879
275.1347
274.2689
268.4542
272.2422
270.2771
279.3161
274.121
276.4766
271.4688
325.2262
358.1689
357.7232
354.8152
354.7329
355.812
355.4948
355.2896
354.9845
354.1942
356.1337
354.6568
357.7834
354.8182
355.7194
355.2218
355.7144
359.955
356.8687
356.5352
353.0928
353.6964
355.1169
356.8618
355.8492
358.3694
358.5952
1.389768
359.9727
357.6055
352.3584
356.1628
354.2438
355.5216
355.4233
356.5191
358.7545
10.46463
69.7715
90.45808
88.04898
87.29673
87.03248
87.22352
87.52413
86.39382
87.7513
88.24678
85.29674
84.86605
79.25046
84.00415
88.4086
83.17896
83.64042
84.55421
83.45958
85.79887
83.90794
86.58229
85.63419
89.24617
87.85914
88.60766
90.86845
89.56109
91.30724
94.08148
93.30742
92.85976
94.62914
97.88775
97.13691
96.16749
