176.9955
183.9932
181.0013
185.3102
181.5374
179.2061
177.1594
174.5943
173.2982
177.0315
177.7301
178.4339
177.6275
177.7484
175.8586
177.9308
173.0585
171.7544
178.211
177.3547
174.3798
173.1249
176.3014
174.6625
183.263
178.9901
177.0374
179.8186
168.5706
176.2217
170.4724
169.7137
176.8713
177.5804
215.5532
278.0988
274.0485
275.3199
270.6079
271.0281
265.8741
278.0919
271.2208
270.9149
269.8356
269.5437
270.1671
265.1325
265.8561
269.1613
266.4268
267.676
267.7793
268.2978
265.1791
266.215
265.7456
270.8091
268.398
268.6179
270.3926
268.7147
267.1736
270.2975
334.9462
352.9559
356.0388
355.2398
354.9887
356.7788
356.395
355.4286
355.9325
356.4788
357.4569
358.6303
358.3669
2.802192
353.8753
356.7801
348.3623
350.3873
351.7569
355.6027
358.968
355.662
357.828
354.2467
352.1665
349.864
348.567
351.129
356.2128
356.9407
349.9173
357.9831
355.2099
356.0104
356.9963
353.6252
39.93745
77.39304
81.60229
81.68472
83.6588
85.21212
86.64762
83.17036
85.40057
85.41785
86.31963
86.6021
87.52029
84.28638
84.99379
85.16149
87.88
86.59553
84.35701
87.69257
86.63089
86.50298
87.74086
89.2461
86.33407
88.59419
88.18929
91.8944
85.10927
87.89636
96.82799
91.05983
90.89658
96.82578
96.78918
