167.8284
168.8302
169.1093
168.0844
170.8776
168.5606
168.2587
171.2413
168.968
171.9975
170.2919
182.2707
173.3304
167.5819
173.8754
173.5147
182.7444
176.3928
173.0159
166.6359
165.0494
175.9853
180.6523
172.6957
176.4944
170.3836
168.4105
167.2576
173.1671
170.9999
169.6774
178.5148
172.0511
187.902
223.9631
259.4833
259.7692
259.9462
268.6608
261.0585
261.2755
263.3129
263.778
266.0205
262.7297
261.7349
262.5674
268.5505
265.0863
264.98
262.9871
266.445
265.257
267.2546
257.9249
266.1719
261.9609
265.4484
269.6151
266.7156
264.3575
262.9672
264.0118
264.4752
265.1602
263.8037
306.644
0.9249946
2.225626
2.995388
9.506784
3.420155
4.910367
359.3045
359.9106
357.3967
358.0172
357.8006
353.0136
352.0446
353.8559
0.6118546
0.2930143
359.1946
2.21194
4.612108
359.1658
354.8768
357.6359
358.9741
356.7285
354.6606
357.1973
1.749972
358.7925
0.1635665
357.5789
357.3949
357.6654
358.3723
357.6674
356.1763
356.7614
1.151807
1.943019
63.04466
91.6187
91.80687
88.03887
84.12286
84.72009
87.78315
84.50841
87.28166
90.22394
89.97624
83.8505
82.93761
88.54534
91.90862
89.8456
86.25623
86.53516
86.6068
86.22896
84.03834
85.18466
83.51092
86.46401
85.48222
86.42696
84.07143
