179.9662
181.1335
181.9766
183.5915
182.0058
179.8023
180.9057
182.2377
179.1993
176.6406
180.3517
177.9422
173.745
177.6493
182.7439
177.4275
176.6174
165.0071
186.194
182.5365
186.3422
185.4099
187.607
186.2713
189.2964
180.38
178.0156
177.1098
184.2544
178.3515
175.2634
181.9064
183.6747
176.7648
195.1315
232.5095
290.3702
287.2244
282.5016
283.5605
269.6798
274.9116
272.0767
274.7335
270.6577
273.9916
272.8144
268.2664
270.1325
268.4813
268.8908
268.4976
269.6046
266.3322
271.5207
268.3513
272.2147
271.6277
270.3228
275.4199
271.3395
271.0358
276.9613
279.0851
272.8995
278.5174
350.9272
357.7045
358.8249
354.4368
355.6255
356.7069
355.7172
356.4978
359.3366
354.004
347.3058
352.2288
356.2685
357.3523
354.8021
354.7938
350.9332
354.4164
356.7789
358.7307
359.6922
2.032004
2.289027
1.379634
353.2787
356.1926
0.1961155
0.963919
354.6126
357.2492
356.9783
356.0143
47.9136
97.23655
93.75775
94.49961
94.16451
97.21062
95.16198
93.21206
93.51812
92.85612
93.45242
92.72237
93.16125
95.23518
94.17858
92.57449
98.3209
87.89467
97.39989
91.01516
96.65952
92.06579
96.15716
93.40497
92.73256
99.2691
97.17126
91.81788
95.01491
96.79504
100.1644
