113.3645
118.5933
106.6928
113.4597
127.0138
132.3916
120.1895
125.0075
125.5513
137.2323
139.3393
131.1327
133.3985
135.8441
134.0476
136.9347
136.6431
137.3004
142.6405
146.0971
144.1725
139.8152
147.352
151.7293
144.5337
149.8174
161.4202
160.0677
158.789
172.4943
175.6847
157.0321
149.9796
173.9334
178.3674
170.6028
188.7307
200.4915
189.014
191.0739
204.467
203.5067
189.9842
208.9065
205.0221
214.5299
221.1119
213.2659
217.8469
217.2887
216.4352
215.582
225.3503
215.0044
224.7407
222.8455
226.2829
224.0962
229.0621
230.4879
237.7907
239.1268
234.0098
236.8468
247.8763
238.9091
248.5096
252.9295
260.6024
253.8908
264.7196
264.3005
263.7309
270.1877
272.7186
270.8238
286.2816
292.582
273.8728
290.4416
293.0029
284.7048
304.3318
304.1315
275.3509
294.3427
300.299
306.0127
317.3916
306.9893
294.9394
315.3811
324.9577
320.5948
321.1425
347.9173
333.8398
334.6222
337.3877
346.1852
350.3398
332.5036
343.2076
6.991127
8.899264
1.830663
358.7717
354.0297
343.729
353.7337
7.095622
4.533119
357.8859
6.391375
358.8496
11.50445
15.25315
2.373745
10.22181
8.66945
13.9997
2.700658
33.37627
29.32228
37.74522
32.19248
17.65189
25.182
22.63576
36.1713
29.77293
54.99479
55.53158
47.78164
47.2477
58.987
49.22706
41.12022
51.4467
68.2878
63.89743
62.7025
66.49559
68.79333
70.82262
83.25427
71.72086
82.06483
77.80033
88.36532
86.49891
92.24376
89.25915
90.23866
93.00944
79.95251
