148.2998
134.6823
168.4212
156.0343
150.7986
152.6459
146.9616
146.1076
154.9736
154.6369
137.8929
155.1544
152.2341
158.4336
158.7732
169.5863
163.7112
171.3172
170.2859
166.1676
172.1777
174.9619
186.6448
177.9373
177.3025
182.444
180.0392
193.4615
199.2386
205.9384
199.6711
208.7446
210.461
192.1483
204.6006
209.834
208.7236
216.047
211.9906
213.9163
221.3643
218.6173
224.1769
227.5966
225.9547
229.9701
231.8396
227.0081
234.6089
236.7483
239.414
239.7614
246.9962
247.0534
243.2539
247.6032
254.1133
254.6562
255.8546
265.5576
283.0621
264.016
265.4119
258.4381
279.2432
267.7632
262.515
269.7523
286.1025
282.8168
303.9341
304.0293
284.4429
300.6071
305.635
296.3876
295.2429
310.3083
333.9415
336.8992
342.7224
322.7688
306.5911
319.3995
307.6992
329.2854
349.4074
330.1231
340.959
2.012392
359.9044
331.9509
336.6149
342.3338
349.1619
355.4443
3.079911
357.8844
329.5611
326.3741
333.2697
1.60426
0.9799418
6.397594
8.238417
11.33859
4.388924
20.40443
21.58583
11.69527
7.147426
9.137743
12.29418
21.67121
27.54333
18.93633
21.19642
16.61553
20.86986
2.187196
26.39052
41.08521
28.0358
4.351321
39.16688
37.47157
41.22169
28.7289
30.77978
35.0796
30.05488
45.6403
23.78619
53.68552
56.05989
54.3511
42.1182
51.59266
60.01369
54.42031
59.63502
63.97282
58.76739
60.0625
73.06985
65.99156
75.983
78.21604
71.69415
81.21992
83.25345
83.32954
89.24654
96.60725
98.64297
105.0331
106.1922
115.2852
105.6073
112.983
123.4704
126.9533
133.7949
