129.0607
109.8177
120.8528
134.156
136.3139
145.9949
152.5006
144.6726
130.9029
139.9676
132.8403
133.2677
145.7111
129.9517
147.1482
143.9792
152.3897
154.5728
147.3132
153.758
154.2971
153.8642
158.298
159.1131
174.0347
171.8281
166.7124
170.0737
171.1092
178.5378
175.8341
182.9507
188.1064
202.273
191.7435
198.1535
200.9696
203.9248
201.1946
200.1468
209.9017
218.7642
209.3066
221.4811
224.5639
218.6223
224.6284
227.1302
228.5425
224.9699
227.8571
232.6094
236.0489
234.3141
232.1219
240.1174
250.3498
259.2724
263.4068
268.4253
263.1067
261.8111
255.3905
268.0858
263.9606
278.8576
294.3721
301.0592
282.3885
275.4585
278.1486
287.3297
296.7633
301.6099
287.7969
308.8494
335.3605
291.3521
302.851
323.5156
329.7944
342.2517
302.2175
329.5179
337.1002
302.6906
324.2273
323.7395
342.9016
332.6924
352.1306
351.7542
5.237317
356.2973
4.947316
5.402372
5.125117
359.5356
358.6313
348.6298
354.1356
351.564
357.3071
3.093074
12.49153
16.28852
13.24063
17.32183
30.91119
20.52074
21.57445
33.38981
31.95038
35.07732
35.41793
44.2283
57.11097
48.08158
61.24855
54.1905
57.75428
46.86964
58.22269
67.62188
63.73552
74.22882
77.7146
89.39139
80.77268
84.12459
85.0649
85.77208
77.8784
81.96371
84.88872
85.69558
89.61561
81.13506
84.85858
77.31352
83.29343
87.54221
79.26634
82.32519
