132.8673
128.8217
109.0076
127.7666
129.9502
133.9737
124.1973
132.6814
109.3498
134.9149
137.8187
131.3743
142.9184
147.1799
154.1064
150.226
145.0409
149.5948
161.6078
159.4782
161.2814
158.3578
163.4679
169.293
170.248
173.3831
182.9271
173.0565
176.598
193.7761
186.0791
189.5807
198.9685
200.2834
207.9018
199.7127
194.5105
199.0707
212.2166
208.0142
218.0512
218.2951
210.0666
226.3116
233.1838
233.8085
231.5576
234.0008
231.3978
241.9245
247.2249
242.0259
244.902
257.4665
259.9383
275.7877
273.4958
258.1024
267.1032
263.65
269.0586
291.0387
273.5807
269.9329
294.8185
306.9182
291.5772
304.5303
308.1556
302.6084
300.6589
309.2982
320.2814
322.4068
320.0277
325.0359
323.4884
329.2133
329.2623
338.2604
330.0628
333.0281
339.0651
330.7647
347.2752
0.5627197
359.8069
11.81335
19.99604
13.47156
345.5897
335.4016
9.399932
20.80468
14.11004
7.088659
25.4948
30.38516
34.04232
29.2457
19.07337
48.17534
32.31393
41.71164
42.48925
46.09152
58.18483
58.85269
53.40485
65.76176
62.35674
68.11971
68.79351
72.98501
70.98791
79.12912
79.29129
79.07258
78.37593
79.77473
80.02164
77.18522
77.07372
87.21088
70.49094
