124.2279
131.8325
141.8902
132.4776
125.937
122.4042
132.6626
130.6849
125.8901
132.6222
130.9529
126.0098
137.4882
144.5474
131.7307
146.6879
139.882
142.3207
138.3984
148.3255
150.403
146.7868
146.4081
155.8218
163.575
152.2042
158.5434
162.283
154.5453
167.8837
171.3575
161.1072
162.2837
172.4688
168.9348
176.1803
180.8625
193.941
183.5213
187.7018
198.6458
192.7197
208.258
197.5516
210.4392
215.6387
221.1713
214.0248
209.2146
219.2915
224.3672
222.6543
228.1388
226.2114
229.3183
224.1001
243.3792
238.203
234.2336
237.9175
246.6857
253.5219
249.37
255.4474
246.7939
258.3582
268.2216
251.9477
261.7482
280.9079
279.6608
272.269
276.5356
275.6296
282.2002
286.7293
294.4496
292.5443
292.3382
308.1917
293.0616
308.5802
303.8411
308.7457
306.3259
325.1385
329.0427
310.3771
319.829
331.4026
331.8947
336.8928
345.6858
351.8338
344.8627
334.9238
341.5115
346.8337
1.417806
358.0239
0.3209231
356.6559
3.137997
3.446426
0.3785987
359.9595
359.4865
0.975031
359.8999
26.74109
30.86116
12.86186
10.24548
29.17907
47.64978
41.97175
35.33289
39.09192
46.47866
51.26583
57.13322
54.89938
59.20993
56.45809
54.2075
69.67577
68.18366
68.94879
67.0239
67.06246
69.95322
70.89442
73.50961
77.34538
81.5265
