104.0548
126.3124
134.5132
114.2903
97.9372
119.383
116.6535
148.5085
116.9021
132.4271
140.6311
141.7436
118.6955
142.9789
140.5045
138.2368
138.9741
141.8014
124.5962
142.8073
149.4554
139.1131
140.2689
147.666
150.2446
150.2847
148.1486
141.5552
146.4738
154.0985
152.3059
152.9608
149.5926
143.3523
158.9877
154.6985
162.3888
158.818
161.7762
177.6974
176.3158
164.8317
193.7713
174.5857
187.4112
180.3906
178.8493
200.1935
197.4654
193.1076
204.6144
194.9509
199.7348
204.7531
222.6941
223.0461
225.2085
217.6103
216.9159
219.614
228.528
231.1344
235.3537
239.3517
237.3866
231.9114
237.3028
243.6446
244.6153
245.5369
256.3327
245.2
247.1413
252.2971
256.1714
253.1316
255.0279
258.2681
260.6628
266.7587
260.0016
272.8395
265.6178
274.308
269.7797
283.1569
297.617
273.2755
278.5306
283.7432
273.8576
291.7351
285.0189
289.2103
297.6944
302.8138
306.5196
326.2689
300.6797
341.4484
311.0063
284.5562
301.0233
316.2304
337.5793
343.9361
356.4037
325.996
330.7655
314.3962
326.9621
349.012
345.0228
1.74536
356.9244
1.490703
5.975692
335.5775
343.18
351.2366
17.28471
5.62958
357.5468
346.7308
356.3935
352.7939
19.72063
17.41348
5.327499
3.473793
9.414067
27.33731
16.61858
27.55482
16.6182
4.300252
22.92115
17.43541
22.47476
18.86306
20.87212
16.75103
31.43697
29.67264
28.91791
41.38847
39.41945
52.76349
45.65125
56.19526
52.98705
51.96194
52.39138
62.39227
60.4666
61.85091
60.43279
70.00417
66.49341
72.52587
76.75503
80.46831
84.89713
81.40723
90.93856
91.32495
89.34629
89.61103
107.6847
99.58118
106.0055
97.08717
99.44637
