98.17751
112.2729
101.8428
126.7714
122.3003
129.0555
120.5705
115.9005
129.8187
135.1525
132.0021
136.3526
133.6862
145.3591
146.7449
122.483
139.0111
114.7192
130.8962
142.0686
148.5062
158.0436
138.1261
155.0104
140.4317
159.4216
159.2322
158.9733
159.3346
149.6375
148.4893
171.1448
167.1559
158.2791
180.1805
171.8198
180.4053
174.4719
194.7822
194.118
192.8856
184.8859
198.2556
187.4645
193.6361
203.5327
200.5957
200.4525
211.0343
211.2825
213.6729
209.956
208.1168
222.059
225.7479
229.2339
222.6493
227.9409
233.4126
231.2069
239.1687
237.5687
239.4962
242.1695
247.3861
258.9986
256.1119
255.3653
261.0248
261.2779
264.8581
265.5066
264.5762
279.8835
281.0305
277.2903
262.1691
272.2418
283.6325
274.1482
290.008
285.2185
277.5041
297.8652
300.476
280.2316
299.6928
303.9338
307.3444
310.886
311.1932
319.2323
326.717
304.5638
324.9619
316.0615
329.6491
349.3663
340.8788
351.0916
0.07007151
348.5967
340.0504
340.9083
348.6482
307.7286
327.2682
3.316295
32.78982
12.7304
359.1676
2.011978
4.803727
8.160587
3.27467
352.6938
13.05292
20.57506
15.73534
8.832178
6.014752
1.644046
7.693305
15.87243
37.45049
17.48247
38.52781
45.26795
26.52879
40.48738
25.20961
36.86608
34.72783
37.15553
48.85706
35.98586
47.61642
49.75611
57.75445
59.6599
51.8646
57.93585
63.49758
67.01012
61.5279
60.72874
60.86031
51.55879
