137.7702
118.7278
120.1159
142.2249
144.5283
143.8459
129.5481
156.3261
136.939
141.3454
140.766
149.5302
150.0527
139.4839
154.035
142.9521
155.2615
154.8046
151.0504
152.7419
148.4688
155.0677
161.3545
162.2121
150.7331
163.9563
164.6201
172.241
161.8405
185.3656
182.0606
184.8279
169.2257
173.2396
192.4672
203.5005
188.2345
184.6719
208.1377
198.6715
208.7976
210.0536
215.2513
220.461
215.1503
224.155
222.3205
221.3313
227.1025
232.3669
234.592
235.0134
231.9808
236.8609
238.293
246.3063
245.9807
248.0139
248.2962
260.0612
275.0271
282.6556
261.9703
277.994
269.544
286.0969
293.9828
277.7895
275.8713
280.5775
287.0479
292.9789
292.0419
278.1052
299.0384
307.9573
322.0143
320.9395
309.442
322.984
313.6954
325.8982
305.2179
294.1989
321.2255
346.0393
344.6673
350.4008
354.8506
352.4166
353.8755
343.1737
357.4633
356.0805
351.504
350.7432
5.666416
5.58664
5.84136
15.27725
8.246983
6.494874
15.07106
31.66535
5.852609
16.67413
16.50756
6.690545
17.05644
39.3129
15.16887
47.62228
42.07274
48.14205
46.9729
47.43774
41.68143
50.84039
59.0347
61.83729
52.79621
60.22782
61.83257
69.06714
60.3026
72.06491
71.71035
69.62559
76.8138
77.84157
70.79068
71.60075
85.17611
76.17575
87.92593
85.27296
