130.6229
125.8376
120.9345
137.0429
139.1389
143.2272
152.4442
146.7633
145.2677
154.7169
157.3954
155.7978
153.3178
168.13
159.2491
167.1094
163.4428
183.5445
167.6831
172.9
175.199
168.2756
176.2144
172.3287
179.5213
179.4498
173.2063
185.8692
193.3112
183.1634
196.1137
186.6609
183.0622
200.1599
200.9779
204.3723
203.5821
204.0718
217.3538
213.5169
217.8996
226.7318
222.5677
223.4333
227.1148
233.0501
237.5666
239.3771
238.7864
242.897
248.9112
254.8781
246.5329
254.6866
256.7418
255.636
267.3428
268.8295
257.9151
260.2484
273.8531
280.0471
259.2709
274.2469
301.0962
303.8845
290.8383
281.8728
295.4431
279.6602
296.2155
320.0691
298.2654
304.9324
315.67
329.5748
344.4461
353.4173
321.1709
332.3533
344.8722
354.1628
332.7084
324.2479
333.9262
347.3642
0.5885391
355.4383
345.5948
346.5478
358.4709
357.5895
347.4365
2.92705
11.55507
19.4959
15.67745
16.10708
12.50134
10.37816
27.43014
27.13282
26.3383
42.82576
31.66275
33.31134
30.70624
52.19646
45.92192
53.75506
43.58102
53.53817
44.95272
61.4924
59.90337
61.74187
59.46786
67.30701
64.61714
71.34762
68.47247
69.84462
73.94557
77.87528
78.46423
77.92327
82.60085
83.41105
87.19367
90.45281
87.33994
89.24191
86.01604
92.27725
94.86374
84.88132
107.3604
80.09873
87.42643
117.3813
