116.8319
124.5111
130.0078
129.1853
130.6379
139.1413
132.7805
131.2719
126.6984
137.6016
147.3195
145.8346
144.9026
145.4086
146.2845
143.4046
149.6291
148.0004
161.9346
152.6709
155.841
157.5313
163.2721
160.3009
159.6304
169.5845
162.0427
174.3708
176.8978
183.3703
185.4491
180.6727
187.1317
196.5373
193.6108
196.097
202.6857
212.2082
194.2393
209.5052
214.4551
216.3218
210.7915
215.4789
215.3529
217.2474
222.9757
220.5969
219.7128
224.3634
223.7964
226.7229
221.9818
231.187
233.1886
236.2519
235.4585
235.0742
239.8425
239.0366
246.4966
242.9531
247.1515
255.7366
254.4297
253.7627
263.7641
255.5966
255.671
261.2342
271.0512
263.6428
285.1132
285.2664
286.1705
300.5678
279.4053
266.9731
293.7406
302.6633
292.4471
309.7537
303.0874
319.617
324.9809
324.8174
320.5892
317.6008
321.0166
335.8152
341.6579
354.6378
307.5468
337.9992
352.5124
356.8029
5.779791
2.334499
348.8134
0.8435959
344.6671
348.9258
354.6494
358.0529
2.166857
3.097212
355.0835
358.3418
15.92772
8.69265
9.609304
14.08602
8.7342
24.82159
8.481215
26.98135
20.36881
10.93589
19.13427
17.41353
40.35096
17.44682
25.92941
33.75177
27.16042
38.80633
48.55747
39.05017
49.0053
57.38326
39.2468
64.1839
69.32429
64.62617
65.95298
77.79707
74.9134
73.58751
83.01624
79.09447
76.52486
79.3481
84.18828
92.94849
83.30383
80.52288
92.49086
90.17746
