108.0413
150.3445
103.1399
121.0154
126.0695
124.9666
117.1543
129.8574
127.4504
125.7207
132.0809
137.2437
145.7876
127.1289
120.6737
121.2673
145.1618
150.8092
144.645
146.316
149.4715
132.1703
159.5532
142.8463
145.6554
150.1651
158.5014
170.0419
162.5158
179.5594
166.7294
168.7875
180.4325
188.5715
187.8325
180.6933
204.6936
191.312
200.5901
190.9556
198.3834
205.3633
206.933
206.9292
206.761
215.96
217.1489
221.9844
214.3487
219.9489
231.582
218.3327
222.6365
230.5049
234.2652
233.5158
240.9518
236.444
242.185
237.9315
239.5478
247.4844
253.0486
253.5068
260.8565
263.8331
264.8593
289.0104
296.5466
283.0723
281.8132
276.9599
276.1456
274.3544
290.7441
282.5129
282.1534
316.4719
290.1153
293.9088
315.639
315.2928
311.9124
323.6494
330.5928
318.1895
327.565
317.97
332.2706
337.3613
354.207
354.5668
354.7964
342.8683
327.2109
347.6581
357.5692
350.9643
341.0334
342.7031
5.662699
19.56972
11.53205
5.892473
16.32044
12.79687
5.385042
22.61041
23.04799
15.27504
33.85291
33.61454
22.70811
46.01414
45.8506
38.75908
49.47754
57.29739
50.86435
70.30368
70.08518
70.13723
81.03758
78.9588
76.19238
84.48228
77.97073
83.95928
88.05691
76.73981
79.88452
83.83105
83.33906
