106.1177
119.2462
116.9716
142.238
135.7225
126.3593
132.4867
138.2037
135.2296
130.7315
129.6456
141.2792
138.9542
141.9803
137.6471
134.8832
144.0536
148.3338
148.6648
145.1991
152.7069
154.168
156.4668
163.8791
155.9574
155.0732
163.5449
165.4411
165.5556
162.4078
162.5582
175.4386
187.8782
171.8863
177.589
180.6598
194.572
191.4016
192.7862
185.455
184.6464
205.9266
200.7386
210.1552
211.2824
209.2056
204.8097
222.1581
205.5924
219.6103
222.6605
224.9612
227.2644
225.691
225.2325
227.885
234.5375
238.6431
238.5204
239.0495
243.5536
253.9039
253.5845
247.5827
263.2351
261.2281
265.6853
269.1213
267.5882
280.5124
270.429
287.985
266.9736
278.6021
295.0543
300.7056
296.6604
296.8105
286.3059
286.6444
294.0933
307.7362
294.4716
307.5966
295.8055
312.3449
324.2346
324.8621
317.8369
321.9263
326.432
333.5868
326.3719
318.1702
4.677722
358.7755
351.7864
346.3423
354.7752
350.9282
339.3077
347.5735
351.0207
355.0942
0.8283663
357.9544
352.0222
10.45338
7.373224
12.13774
4.516488
6.978034
13.38707
7.768111
22.90791
16.80649
23.03159
18.63261
24.65747
3.709969
9.070922
6.163844
14.76189
7.360535
27.25151
14.8835
30.88907
31.37283
21.70414
33.03571
30.11045
33.74257
49.13828
48.46937
52.65878
40.07871
35.41051
49.59241
53.53849
58.60061
71.1639
58.22327
67.54915
69.88921
71.30521
74.14182
71.36396
87.09463
92.33186
79.96595
104.8337
103.7706
