101.1259
119.148
136.9564
135.7037
127.3183
139.3721
113.9495
144.0795
135.4317
150.2456
134.7756
144.1412
152.1863
153.5205
160.5244
157.0431
160.8072
163.3513
151.9908
157.8627
161.0686
161.3006
166.5819
169.6604
168.0495
179.4418
179.5058
179.1966
174.0104
192.5918
185.5841
185.2186
198.0151
193.5636
196.6499
192.702
183.6567
207.6409
205.5698
204.1344
205.6568
212.7613
212.2718
215.5723
215.4539
222.0558
221.262
224.304
227.1263
227.3429
228.1757
224.6888
231.7506
232.6593
232.6872
238.2332
239.0418
247.2995
251.8834
250.2829
248.769
259.4818
252.6069
251.5352
256.6369
260.8357
260.6712
279.6996
267.0315
264.0395
276.7874
274.0274
276.8344
279.0432
289.3937
303.4929
308.7992
295.9481
293.4135
290.0658
314.2425
320.7994
311.0665
295.5289
312.6807
331.1598
326.9687
335.1899
329.5992
343.0118
4.195918
340.9467
351.2247
344.5784
355.2271
336.801
343.5896
359.7311
349.2184
346.2802
336.1052
5.392572
0.3576834
357.4922
9.690735
7.677182
26.11658
27.59608
17.45778
30.59585
1.273037
353.3639
0.5685866
25.3953
23.58942
43.41525
33.92702
27.44169
34.31276
1.599964
41.00882
12.3414
45.04174
55.13654
44.10494
57.04051
54.88212
44.31853
59.06262
61.28459
66.60682
68.23254
75.84119
83.87301
77.98596
76.99893
80.43904
78.7393
80.63176
82.22623
89.86797
90.02815
85.71037
89.57047
87.00338
88.4235
98.7615
90.02485
86.60908
