125.8024
110.7852
135.9761
125.564
132.6195
137.3308
138.1674
143.3094
141.9716
145.1247
139.5192
173.1973
141.0696
154.7592
153.0791
166.8623
151.7991
148.7784
160.8786
166.1519
155.0762
161.186
163.651
167.4029
165.6109
164.3022
178.2099
169.1288
176.8629
187.2389
177.58
188.5466
178.3042
186.3565
185.0969
188.6043
195.2083
172.0825
192.994
194.3336
187.1725
195.6562
200.3992
204.3856
192.9409
207.9803
196.1853
214.7646
211.2182
213.778
208.4502
221.6617
233.7339
217.4136
224.2827
225.9064
234.1447
233.4767
243.9367
241.7782
244.1272
248.2153
252.4459
256.8622
270.4713
256.1194
261.1772
271.8984
261.7053
269.5615
277.2715
271.5466
278.3655
278.3391
300.1384
292.3665
286.394
291.8296
298.7348
300.0201
298.9055
312.4006
319.9087
319.5055
321.3262
325.9642
309.5424
320.6876
328.6998
332.9453
327.2168
328.769
329.1145
335.2249
335.2745
327.0939
339.8756
349.5939
354.1408
2.677077
348.6057
346.1725
10.42737
338.11
353.729
354.9657
0.01052885
357.7382
4.207462
356.1418
20.26971
23.45713
14.80632
10.29898
13.73189
22.41645
16.53977
20.51735
17.47289
9.643149
11.27659
8.404024
37.66594
18.8871
31.61693
30.59023
30.64877
21.04239
40.49169
32.40103
46.19149
49.99228
43.32759
38.14652
57.05224
56.44172
62.17287
56.26992
53.65363
49.97727
65.30224
67.67467
62.99931
68.3769
70.13921
75.20695
73.84493
81.70557
89.98023
100.8937
91.61962
101.2574
177.7671
