113.9765
113.8982
133.1954
129.3418
144.2401
140.3807
141.2668
144.5703
140.4733
142.8276
141.6232
144.4984
138.162
137.9385
149.3147
145.201
146.792
150.1927
148.6747
152.1044
157.6935
159.6119
160.8066
159.595
158.7198
157.141
166.1649
166.9572
161.8022
160.328
160.9125
172.6842
175.2522
160.2432
166.9652
179.632
181.6752
184.6722
194.3459
189.6785
179.9872
188.8773
196.0988
189.1721
202.0508
205.7592
208.2
209.2389
214.233
213.7133
222.9207
220.3072
220.05
221.9815
221.7688
225.9055
226.4057
233.0543
230.4828
236.1692
241.8512
250.0205
240.8031
253.9209
248.9165
262.6238
249.8304
257.2615
251.7632
266.8052
263.0453
254.0001
263.1366
276.6067
279.7213
292.6267
263.7569
277.4797
293.3682
298.3395
304.3028
295.1567
318.5653
311.1828
281.8287
298.9733
296.1125
298.201
300.416
322.1477
331.7284
337.9801
315.9674
327.7627
343.3797
344.5924
312.8342
331.6
343.5183
346.5459
351.636
346.8202
357.5192
26.16102
341.3232
10.25849
8.044355
1.79035
13.85928
13.02846
4.536281
2.443602
359.788
6.98381
7.856977
20.86221
24.27143
16.25866
15.60261
25.10147
44.03622
33.3408
19.82997
49.92273
33.71929
28.1418
41.52543
40.99409
55.48122
50.79741
58.94957
63.83017
68.78748
63.8502
70.67939
71.87811
78.27447
71.81705
76.48547
77.58118
83.89066
86.01273
87.21568
92.92517
92.59327
89.05654
94.71951
99.66016
94.87359
