267.9823
265.0507
262.7842
254.4471
259.3502
259.1887
250.7108
261.6246
265.3571
264.9877
263.2194
263.9478
267.081
266.2675
268.8508
268.0029
269.7967
268.7802
269.6973
272.4676
267.5424
272.8132
271.5977
270.9566
271.8495
271.259
271.2875
272.3527
275.0612
277.876
273.8294
278.4188
271.3352
274.0352
232.2452
95.89942
93.78739
94.61832
99.52052
93.1538
91.64443
89.30682
90.38201
90.9007
89.84637
88.77109
90.89472
90.46427
88.54744
89.88273
88.04652
89.57433
88.06137
88.10108
88.79816
88.63747
89.82613
89.75363
87.71664
88.91871
84.35505
87.88036
88.30218
89.84718
91.17107
75.5438
83.15237
83.3974
89.94322
81.65452
94.67006
