262.499
254.361
265.8086
266.9458
266.1589
268.0357
266.83
267.8859
272.1764
268.4687
268.4007
268.437
273.5224
271.4473
273.2907
267.9963
270.2347
267.8066
269.4691
267.5224
272.0085
264.7682
271.5787
268.5831
270.1187
267.093
267.7734
265.0595
274.3621
272.1212
274.295
272.0332
266.79
265.3786
270.4489
262.2675
258.1097
123.0249
94.86982
95.25963
104.2825
96.18854
92.41776
93.90292
93.75447
98.13914
87.66644
90.47017
94.59352
99.35966
88.69955
91.37164
87.63544
85.80141
90.02782
85.78873
89.2979
89.5251
88.60453
87.01183
87.31332
89.71812
87.15688
90.55161
90.82153
89.69258
90.4083
91.6115
91.39738
87.71032
86.78556
91.59563
79.72946
85.1188
82.75854
89.44483
85.86378
86.24921
