275.4719
258.5895
267.4804
264.3412
265.6139
264.7299
272.279
265.4422
271.6868
270.0829
275.2833
270.5661
272.4748
280.3039
275.2509
276.2169
274.1994
269.8064
269.4826
283.7767
278.2372
269.425
273.0279
276.262
271.6874
271.6635
272.3909
274.6698
272.3801
266.3594
266.9816
168.4889
90.27058
87.63552
85.6554
92.02662
92.65378
91.08624
90.65542
90.92253
92.33942
91.7244
101.7669
85.93698
88.1718
93.66111
93.7216
88.93918
99.67747
100.1944
92.05415
96.10439
97.41393
94.31565
93.08912
93.95462
96.07151
95.04377
95.11177
112.324
119.3131
106.802
96.86121
83.90963
86.64106
96.5071
112.0306
77.97015
93.84376
60.73113
