138.8017
131.7619
289.687
258.1511
262.3915
261.2838
261.8712
266.0886
270.1271
269.4263
268.4461
271.1982
272.3474
272.2469
269.95
270.5002
269.7191
270.5914
269.5475
269.9189
270.8518
277.609
282.7358
274.1702
272.7218
272.3716
280.4113
280.6445
269.0673
278.7177
286.4637
276.3603
279.8465
264.2956
270.0126
265.283
197.307
88.43052
94.93204
92.84293
93.65013
89.24069
91.70596
93.52898
91.85284
93.61098
96.06762
88.86385
88.11903
95.76765
92.44853
90.96277
93.86593
90.58504
91.98203
97.64848
90.40958
91.40197
96.56374
88.87839
97.8857
89.1803
89.3876
89.32805
96.69284
90.95497
85.79579
89.12555
92.00758
78.17229
101.7328
