269.1761
263.4661
256.2969
262.9721
265.0477
268.2621
272.7923
273.9654
270.61
272.8861
269.0343
274.6323
278.1391
270.6521
273.8863
270.4624
274.8456
274.7723
274.8062
272.3702
274.4425
275.5996
273.1404
276.2365
273.8465
272.1354
272.8253
274.2047
273.0167
270.5282
273.2655
268.5565
269.0016
276.0667
262.6172
274.2407
264.9206
107.1381
99.41615
93.73587
96.40611
91.88258
92.90138
94.29635
95.56805
92.0091
90.40382
92.75769
90.13473
90.48271
87.7626
90.55627
91.24962
83.99555
88.0172
88.08772
98.19004
96.46183
88.20614
89.62149
93.62609
90.46552
89.24632
91.15211
85.78123
86.83025
85.78723
84.43735
84.8608
88.57447
78.27633
89.40003
80.41598
82.17448
81.1109
