266.0295
257.9202
262.6183
270.6047
256.0674
276.1215
272.4408
273.927
272.6323
270.0976
272.8531
268.9382
273.15
274.8987
275.5854
274.1644
274.398
272.7862
275.3003
277.8275
275.6035
278.1526
277.3832
280.5587
271.8751
276.2667
273.1193
273.4259
269.5721
270.129
270.4959
273.1829
276.296
266.6381
272.6548
273.7037
348.2708
90.21893
86.17098
86.43253
88.62418
89.78188
82.83355
89.69344
87.93666
88.94931
87.9254
88.36351
88.65249
89.2842
92.02963
90.66013
89.64658
88.62354
90.54087
91.45805
92.1866
97.99927
93.16805
94.06773
92.31586
94.791
94.52499
90.14082
90.6134
89.91336
90.35046
95.70881
95.78816
90.13306
81.71142
