263.4519
268.6916
275.5019
271.1254
275.7047
267.4465
272.0556
272.3768
272.6063
272.2353
275.0691
281.4423
269.366
274.1035
269.2531
277.4776
274.7025
270.408
272.9677
271.1188
270.5314
273.2938
276.3818
270.6836
272.7929
272.226
270.6047
271.8101
273.6785
269.525
269.7311
268.4574
268.1496
267.6441
266.0807
272.8233
268.4611
219.5042
87.70913
94.14232
87.55106
82.49599
89.38632
88.94905
88.34394
83.6378
88.06525
87.67569
87.89448
87.16232
92.15221
91.73964
90.18086
89.72775
90.57761
92.10143
90.9451
90.0995
89.89172
88.84267
88.34068
93.09801
93.49398
87.49703
88.75591
89.13307
87.98857
89.64074
91.98972
91.18087
96.59648
88.51383
80.77571
91.70464
