266.0115
262.9657
258.4828
254.8574
256.1653
259.4887
260.6292
265.3979
262.1385
268.5776
264.1869
268.1165
267.1333
263.2461
269.8213
269.5201
271.2154
271.31
268.1858
270.3906
274.0275
276.7274
270.8425
270.9987
274.3583
268.6628
270.4607
274.4315
273.8565
270.748
274.0065
274.3824
270.1873
267.0634
264.9563
226.0493
112.4777
96.41273
99.49525
94.22903
90.21213
104.6171
86.99914
92.90186
89.45792
89.51945
87.37115
86.86755
89.99133
94.12851
88.54517
90.25868
88.04366
87.50046
87.71712
89.17257
90.39223
91.22429
87.49368
91.17924
91.79919
88.27807
91.17943
90.0525
88.26904
89.13248
93.75962
83.71825
85.2347
91.66469
94.27514
92.55903
91.35162
100.6541
95.67247
103.0057
87.85455
91.34388
104.5859
95.13235
