256.3207
255.9129
253.6501
250.5008
258.2531
263.7549
257.0021
257.0414
254.5432
265.7102
261.1316
259.0628
257.5548
260.569
259.971
264.1991
262.0102
261.7079
262.2854
264.1988
262.7672
261.5783
264.1268
264.4941
266.03
265.1865
262.5023
264.9792
267.2223
269.03
272.1935
268.4131
268.3002
267.6958
269.3198
268.7697
265.7534
262.2603
209.1813
93.27908
99.06046
104.2729
100.2307
92.60292
90.92274
92.98845
101.6388
102.1199
90.15611
92.52328
98.23473
93.74136
91.05122
90.9221
95.13512
90.67284
94.41553
87.57236
88.38283
87.97659
92.86567
88.74352
91.95539
88.91328
88.42284
89.47914
86.4765
89.56667
89.87883
93.50422
84.72864
89.90012
87.25565
85.80688
79.37049
87.99857
83.34605
79.98984
90.46658
52.64143
71.98179
74.85817
77.70056
59.05261
