265.183
265.4919
269.0552
272.5879
268.4795
271.0264
274.1705
272.0161
271.2584
271.304
273.9519
273.02
272.7047
272.1596
273.6227
274.0519
270.1029
274.127
270.9558
272.0244
273.2038
275.1531
274.1427
277.5533
272.298
270.357
277.7399
272.1408
268.765
274.3272
272.4315
285.9864
281.0865
261.6311
261.6039
266.838
111.4637
98.64837
98.63303
102.6739
91.00308
84.44793
82.74609
91.68156
86.61639
95.62196
87.08309
95.4595
92.33863
90.46165
87.80194
88.32607
83.85337
84.02242
88.40466
83.16831
86.86017
84.92908
84.62911
88.24372
87.69623
87.61079
85.37179
86.85188
87.48676
90.1021
88.34669
86.90092
88.38345
93.55032
85.13589
92.79456
89.49058
86.76585
85.22483
99.83952
104.8237
106.5095
