276.3949
263.7684
266.6923
267.6417
262.3947
265.6732
269.6894
265.5639
265.9261
268.0786
267.5527
270.896
270.549
271.4458
271.2433
277.3752
273.5825
273.0198
274.7326
273.5853
276.1433
275.9884
272.8984
277.049
279.8529
277.3393
284.0083
283.918
290.9407
282.4691
280.9686
294.2498
291.5638
285.0959
88.2664
90.81857
92.00076
92.73997
99.13942
91.18699
90.66267
96.48326
103.5367
90.10538
93.50237
92.84709
97.18729
92.14336
91.7845
93.88032
93.19447
90.8057
90.0143
93.87079
100.1323
84.7356
88.22343
87.85126
86.22665
89.10063
94.49113
98.67494
89.83421
85.92886
79.81358
91.69707
91.51178
