272.5572
272.2669
264.8803
267.3935
270.3376
266.8217
268.5573
266.9824
276.3046
274.7496
272.9242
274.1125
269.6934
272.4986
269.2468
270.9575
268.2919
270.8281
278.5469
272.2213
275.5418
278.8234
274.4134
272.8474
274.0506
276.6331
274.875
281.7918
274.6837
273.8116
277.2685
286.1425
247.7226
112.6265
105.7424
99.52112
109.6118
96.78187
94.21149
104.3167
95.79642
95.18595
93.80112
92.88129
93.53413
96.54678
93.98036
96.1708
95.07898
95.53474
94.4584
97.82874
92.61101
101.6167
98.14687
96.4577
90.51085
96.05255
95.89589
91.68609
94.7892
88.82865
91.27857
88.07489
92.87295
79.62822
101.55
82.81638
