266.6508
262.4132
266.255
271.8216
274.7912
265.2747
269.7629
270.2762
271.4975
270.7196
274.4313
270.2813
268.1355
269.7812
272.1065
270.5065
276.7814
270.9982
271.5916
269.2845
273.2931
275.8018
269.5089
270.3399
274.0019
278.3242
270.7643
269.5384
271.4597
271.2853
270.0443
268.9498
96.80133
85.8609
91.93955
86.15802
85.6164
86.7625
86.7376
86.81007
89.96259
89.18843
88.43477
93.4562
96.72083
88.06607
89.12994
91.93428
91.58892
90.24339
88.81239
89.63447
92.41098
94.4858
86.89828
86.97658
95.02995
91.5124
93.85301
93.93716
95.23377
91.01948
85.17778
95.79076
97.45193
105.1568
94.05292
91.45359
90.79044
72.23508
85.4941
