263.0513
259.9587
260.9626
271.5601
261.28
272.645
272.2021
266.1987
270.36
271.5321
269.7911
275.7773
272.4523
280.1092
270.3006
278.1558
272.7633
278.5503
272.8183
269.4396
272.942
270.0439
275.7562
275.5333
271.4807
267.567
269.219
279.7375
285.1446
270.4715
272.3987
264.6261
269.3124
263.8059
262.1008
84.18684
95.56208
88.80961
92.32496
90.25145
88.81582
82.49577
92.87985
89.92291
98.48363
90.41525
83.82278
84.681
83.93884
85.70838
91.33862
86.52202
86.3454
89.2356
94.56266
84.48997
89.80081
88.56113
86.32376
88.0677
92.9629
89.03426
86.2621
83.76773
82.01185
88.49979
91.22376
90.08718
79.83286
