271.1167
275.318
280.194
271.1193
272.6186
279.4492
272.6745
277.7894
280.7611
274.3138
270.9144
279.4787
274.9582
271.9597
269.4975
271.2965
266.837
274.5628
270.3181
272.3848
272.2435
273.4105
275.2129
274.2235
273.007
267.7291
271.977
274.1862
271.5503
266.2968
271.8227
266.8605
270.9772
266.2057
266.7662
109.0486
95.70519
99.19872
95.83476
94.96732
100.9915
103.1711
100.8536
96.57022
100.9194
98.01427
96.6772
96.43071
97.30904
94.34771
98.89275
104.0295
94.73313
97.69221
97.53774
91.13728
91.2314
94.23957
87.71745
90.25035
87.87554
90.37473
96.72549
88.2486
91.9967
86.29114
88.07718
93.84805
92.86147
