295.0907
274.9615
281.9312
270.8408
256.4944
259.472
274.8812
279.5568
265.2946
267.0017
265.6782
269.9653
270.9386
275.3218
270.0196
273.9672
275.113
273.549
276.315
275.719
274.6907
273.3393
272.5292
273.6572
273.7794
276.3683
271.6823
274.4384
274.0816
271.7541
276.4452
272.9702
274.2108
273.2528
275.7842
274.2368
274.4503
280.5603
273.8732
40.70707
82.81601
88.53163
90.73244
88.43433
87.61284
87.32614
88.84727
90.25278
89.64342
89.62852
93.4202
89.63496
92.55939
91.76391
94.38086
94.03413
95.95084
89.71603
94.12268
90.55848
91.6889
90.98164
94.32464
92.52805
93.5332
93.76661
98.56242
84.14665
90.68787
94.45878
89.89423
90.89988
88.17438
101.4714
106.2962
83.82217
