193.8842
183.6532
182.7902
180.4408
184.7043
186.7258
187.5896
181.0472
190.1527
183.7283
178.3534
178.7974
174.0058
173.8663
174.2766
175.9233
175.323
186.6992
172.7572
175.2923
173.07
181.0346
181.2034
183.1216
176.7362
173.7293
173.9619
182.1971
181.4083
183.5793
190.7325
191.4252
183.5779
191.718
183.6918
178.1104
180.8911
187.4465
249.671
291.903
302.1266
294.6516
303.2265
311.8294
306.0348
299.9958
288.7497
295.8792
292.2733
307.1522
300.608
308.0558
291.4518
308.8081
287.02
298.7563
299.1291
289.5244
302.1029
288.9591
296.432
297.7879
306.1053
319.4895
310.5837
312.013
298.6341
285.3293
309.4897
327.1454
317.3815
354.7214
53.08196
68.91243
63.52162
53.2944
70.17243
64.30838
58.85258
62.62578
49.63696
56.3315
53.39727
53.65368
61.11971
64.43059
63.49795
53.67108
64.39613
60.34356
58.34685
60.40161
58.51641
54.28487
60.88547
54.52926
53.60939
51.81717
57.15525
51.36105
58.13908
49.55359
51.72979
62.73289
56.88086
55.67372
