183.95
183.7303
179.5671
177.2565
179.6233
177.3783
177.475
176.8555
190.1929
186.0935
180.041
177.5387
174.602
173.435
166.3261
168.2719
174.3733
175.339
177.7827
173.1291
178.6007
183.4664
177.5538
173.7954
195.602
180.0318
181.1813
172.7939
167.9827
177.747
174.3179
171.6638
177.541
184.1217
180.5376
186.6415
179.2162
251.6326
313.7413
301.2258
307.9331
307.819
295.6014
293.4775
300.9309
304.5993
312.2477
294.3713
302.4062
300.5739
308.4926
297.0206
293.0516
301.0624
299.555
295.3023
300.7562
290.1104
294.8649
300.4587
301.112
300.8901
289.9128
301.9451
298.5055
305.1589
290.6093
303.8911
299.8079
310.6833
307.336
298.6844
307.4081
312.7935
304.4015
357.4465
51.2633
58.56921
73.91044
65.18301
57.03238
61.97889
56.37733
52.63719
60.67848
68.80907
68.42875
56.6958
68.66305
71.72269
64.10564
57.60823
65.28162
64.48679
60.17702
66.6395
66.39368
68.53535
67.97752
63.97929
54.76751
63.6391
68.22717
67.26585
56.27639
59.57413
64.58167
68.91274
79.08971
