188.0129
179.1998
180.7557
179.0385
175.2558
185.2824
187.4364
181.9754
180.8647
175.8234
183.0771
183.8675
179.6321
194.5562
184.6564
181.6287
174.8964
175.6697
185.4925
178.3487
182.4258
179.2189
180.0313
174.364
170.7434
180.4569
175.2461
168.3776
168.2464
184.2429
177.5412
178.9523
174.2586
171.2961
173.9093
178.3586
199.5974
192.5049
200.4501
243.3805
308.6335
302.145
292.3301
300.0179
296.9908
313.3497
311.82
300.9255
301.6677
294.0898
301.8947
297.7336
299.8672
293.3629
301.2335
300.9163
294.5807
308.6164
308.012
290.742
304.3186
293.7874
298.1725
313.6897
293.8064
301.989
304.5236
318.6762
296.7513
301.25
298.8644
303.7001
318.9736
326.5749
315.4909
300.2803
314.3521
6.303429
64.39063
68.06956
73.70026
66.46104
62.00163
46.72939
71.0983
62.21629
71.54498
67.11482
55.84931
50.02113
67.34516
56.27405
63.58799
58.77621
64.97645
67.9521
61.76113
63.31853
64.76239
63.58985
62.45509
66.59299
62.93081
59.88315
65.17591
57.26199
51.98624
62.84399
75.49551
53.47778
59.07848
67.631
61.2816
77.04514
76.48389
