183.3185
182.8205
184.8552
181.9725
177.8626
181.6484
179.7644
177.2035
177.9499
181.338
182.1623
183.5175
178.8693
179.3619
195.2689
178.9578
174.3302
177.6649
173.5387
176.4192
177.5652
182.4813
181.8502
176.8586
179.8564
181.1996
177.9705
181.1746
177.9391
174.8602
174.2531
192.0454
183.9456
177.3107
174.4976
170.9015
172.1741
243.4814
299.5797
309.2924
305.9172
302.2769
314.9393
300.5333
293.9275
291.7903
302.5805
299.6113
299.328
301.6465
308.1029
304.0289
296.545
303.8287
305.4055
309.707
303.4505
305.9377
304.8289
304.9266
316.6064
301.7595
295.3483
302.4497
311.2246
313.8643
323.8255
308.724
297.2516
312.6031
317.9472
306.4008
290.5367
295.8536
301.0021
287.4179
15.2023
73.72218
71.57922
62.32456
69.68944
59.42263
73.48949
64.37321
57.8668
52.50932
72.73531
62.64144
71.23134
63.42366
49.7914
61.05628
65.53478
64.5555
65.63206
66.7717
54.48735
60.49805
64.36272
62.35411
65.47566
64.1834
69.00774
66.82641
57.76747
67.23148
62.78167
53.43389
65.28283
69.45825
65.88895
63.38233
