178.641
176.999
182.6827
182.8549
182.0796
183.9339
180.7344
180.9813
183.2994
181.6995
194.5576
183.0196
180.0218
180.6846
180.0146
179.5181
176.0198
181.7317
176.2253
164.2784
177.2098
172.964
184.5277
180.7931
183.0661
181.456
187.6226
178.4468
181.7428
174.8584
177.8145
180.1687
175.1769
179.3983
176.491
176.3894
175.9382
163.046
175.1482
229.2059
278.1041
306.2683
294.5304
305.8568
323.621
318.1343
324.4131
315.13
291.2334
304.3949
316.2512
302.8803
295.8242
302.9609
300.9301
292.0613
305.5616
319.7629
310.868
295.8175
299.2856
297.7701
304.2585
286.9942
303.5323
312.5456
314.3533
318.8815
321.5286
297.0776
302.9046
296.7991
304.8052
301.8569
312.5979
299.8254
294.9839
327.1279
302.3712
342.1686
54.51645
70.04012
57.75832
54.86065
62.72863
63.43815
69.34609
58.53344
56.73486
61.66702
66.63499
62.09578
64.24919
63.5817
53.44613
64.80245
60.68662
60.85844
62.7858
66.55607
60.08627
64.076
54.43513
64.30237
63.48518
59.7764
64.52996
57.4941
52.70644
59.75374
47.24354
53.153
60.99559
51.4944
52.55
