180.5736
183.2192
189.0364
185.3586
186.8576
181.6599
188.1437
177.3876
188.2471
185.5769
183.5348
179.4608
179.4582
180.4836
185.7346
180.0672
177.0789
174.0934
169.9397
177.5901
175.9434
186.5898
183.7794
191.3126
182.6854
176.9641
179.2746
177.2585
177.706
176.8756
177.7621
170.895
173.8715
175.6189
194.486
180.414
188.9092
180.3982
237.8118
299.0804
300.5826
294.839
308.5751
293.3359
302.4553
299.0254
296.7353
309.0289
320.2864
299.5622
303.5405
315.6935
300.5695
305.7296
304.2189
295.3524
303.2174
301.2446
299.0814
295.152
310.4707
318.2599
302.8318
306.8262
296.8749
299.8442
302.291
296.8663
302.5
317.6669
293.2312
314.8328
303.6479
296.2794
318.5464
29.9674
68.04939
66.01149
65.64602
55.34967
69.37038
71.73156
64.4662
41.17495
51.64693
68.16631
62.25052
65.91731
50.20964
58.32108
56.29129
66.35346
50.79237
57.56833
66.55751
58.12538
55.95722
59.02493
63.22002
67.56125
62.70642
63.70451
52.43312
61.89939
57.19322
63.92155
62.32503
60.86762
60.25591
57.87722
