183.362
183.8266
183.7754
182.3858
183.6725
191.2787
187.3597
186.352
185.4082
187.332
180.4991
182.2411
181.0314
178.1756
179.1362
185.3355
178.0868
180.458
181.9631
190.7671
183.4922
180.7939
183.0233
181.3623
181.4568
183.112
183.3341
187.6084
182.9584
182.0409
180.5824
179.7052
175.0996
181.5479
182.7331
177.1315
195.4031
270.0321
298.5996
305.069
308.0773
298.1724
289.6421
302.098
288.2674
302.0566
316.0681
303.8751
300.0448
293.1884
287.5978
287.5442
306.1546
301.8788
292.5429
289.0035
304.7747
294.6716
300.8865
297.61
294.7454
300.4299
294.4669
308.2122
294.9468
297.6888
309.6267
294.9178
289.3782
305.4229
300.2475
311.6787
23.17437
62.69519
65.35896
64.33092
55.31192
70.11654
68.0755
56.5574
65.19925
68.30546
59.87752
62.34684
58.37847
67.35933
66.94962
61.65636
56.01064
54.21621
65.73359
62.18315
53.18953
49.21571
62.5944
58.93186
52.46778
65.90437
59.748
51.73819
62.05059
63.13966
55.68465
50.22485
54.28328
52.30526
