183.8473
185.547
182.2608
180.5348
182.1195
183.0838
182.3427
183.5129
175.4946
175.0196
182.221
191.5075
184.0461
181.9042
182.5034
184.7773
184.3082
180.2348
173.6006
179.0237
178.5452
166.8845
178.954
191.9049
184.5523
189.417
180.3103
177.0202
176.2232
181.6633
179.4239
174.8546
187.2418
193.5401
258.1321
310.9141
318.7603
314.1717
314.1404
321.2705
310.7183
326.7133
299.8117
309.5364
308.0869
300.1257
296.4352
298.2362
308.8328
311.6855
297.5984
295.7697
299.6935
297.9823
307.5315
309.2315
307.4455
317.6497
290.1635
297.1591
304.381
314.8022
314.9307
304.3013
308.5848
300.1485
300.1123
305.9044
313.2601
7.026776
58.66612
62.67067
75.49554
73.52442
65.1185
71.3026
69.75938
70.68211
67.45723
65.50616
69.17443
59.63978
68.45245
66.51935
59.24168
63.29609
60.72838
62.90715
57.23176
55.09809
60.35078
54.89746
59.41851
61.6457
55.70248
55.31216
53.47574
51.66974
53.97456
55.75061
58.15631
59.68472
