185.5663
182.1907
179.4554
179.0349
180.3957
183.1989
188.5946
183.283
180.7721
179.8211
180.3036
184.3637
183.2951
182.9662
183.2261
173.1066
178.0658
172.8966
175.7964
176.9637
179.2838
182.0756
178.79
177.3992
178.0236
182.992
180.7463
176.7619
184.6573
180.4291
178.4292
185.916
174.8919
181.6
242.0139
290.117
312.8815
315.8354
297.367
284.2211
297.242
295.8335
297.9417
306.1239
320.9057
304.6776
291.6993
295.23
292.8165
291.4683
295.1462
290.6944
297.6707
294.5543
307.4774
287.9939
295.9711
295.9936
301.8413
310.2863
295.1568
290.7903
300.9926
292.1605
296.2091
297.9679
297.0647
306.4595
288.2735
289.807
291.0572
290.7139
327.8118
49.38237
63.02973
65.13085
72.03182
72.46533
67.44231
65.78822
54.06159
63.45928
62.15514
67.2415
70.29385
61.95052
67.26345
68.68977
67.29578
64.93395
67.88322
64.41965
67.89655
58.51444
65.88509
64.92719
65.51855
65.41867
68.19318
67.89603
57.11445
62.11775
62.80746
65.88526
56.27681
58.08292
59.20127
48.69504
50.06943
50.86411
