187.7092
185.0672
182.3207
184.8977
182.5976
182.0562
185.8304
181.7951
174.4503
183.9386
179.11
176.3229
174.6983
186.8899
180.943
177.0029
177.594
180.0867
175.9907
174.7305
162.6157
191.4724
188.7506
182.4434
179.5059
178.0273
174.507
172.5639
171.7517
174.9913
179.9576
175.0936
171.1348
194.4953
181.0939
178.0528
172.0905
175.4747
165.7657
254.1766
315.9315
333.2776
303.7034
319.0452
326.7038
298.9195
309.0123
301.0625
309.7841
310.5755
297.7742
301.6796
300.2635
306.8485
301.7939
298.8293
309.6815
306.1783
304.812
297.4046
300.4148
306.8135
300.92
291.2872
308.376
294.6646
305.5041
305.5926
312.5284
300.9375
293.042
306.391
301.3583
305.4337
307.1308
294.3997
309.8815
318.5123
317.5215
299.3705
277.9824
290.4087
2.678507
41.46247
46.16927
58.99701
55.97233
62.89177
49.20701
57.67375
65.33283
67.57181
70.0339
55.91431
67.70188
66.55816
67.94248
58.06828
63.30699
70.27428
56.55682
50.00297
64.46874
64.14963
63.63766
63.95268
64.88239
63.5425
66.25741
54.74559
60.59084
66.36975
53.7691
61.58522
57.10255
67.07645
57.75848
62.59648
67.3406
68.82341
69.79855
73.94201
