179.5273
183.2658
178.7769
183.049
183.4213
179.3564
193.4156
185.2619
185.3879
179.6565
180.1578
179.7422
183.3597
181.4708
184.7897
179.7869
182.1261
179.1675
175.5824
178.2941
184.6761
181.2524
184.8262
185.2655
182.0923
177.5178
183.041
175.8886
178.8057
179.1771
182.2653
178.7545
180.3609
181.6911
181.918
178.7207
170.1433
269.4226
307.8893
315.3051
327.5179
317.33
302.8083
307.0749
311.1956
315.7968
312.6653
293.8277
299.4787
300.7366
290.4172
289.2971
300.9975
308.8151
300.9318
293.9084
302.2357
288.5973
298.8013
288.329
292.735
305.173
304.232
307.7181
286.6303
304.3064
291.4585
294.2818
286.9394
309.3959
17.35015
53.97404
53.12435
57.98076
52.08861
58.89118
58.99129
54.25443
48.06937
56.48703
62.11192
55.37882
55.45254
60.65321
59.40927
47.82098
53.49882
54.97805
57.00109
49.76097
46.5957
51.06403
50.43988
45.05861
40.82458
49.03236
41.28801
48.4303
43.70866
38.9994
45.46545
40.1103
50.7621
40.1879
37.35848
