179.501
182.8461
183.5433
191.1928
184.779
175.9893
178.019
178.7443
181.4462
181.6829
178.2243
172.4241
175.3316
188.3446
182.3271
182.913
194.2594
184.2174
176.9424
184.7805
165.1398
169.8732
178.9871
173.7205
179.614
172.868
172.1913
183.6157
176.987
170.6487
173.1194
169.2229
171.906
180.7612
172.446
167.8381
175.721
179.0834
155.8988
165.7774
238.7135
297.3557
308.6511
314.6209
299.1583
308.4884
307.5964
294.9679
299.6176
305.71
299.7711
312.3174
298.5584
311.466
303.8626
308.8566
302.7139
305.2968
316.7799
297.0773
304.2696
310.5975
294.5806
294.665
309.7748
315.432
303.3246
320.5081
325.7331
302.6032
311.0125
298.9754
295.6459
291.8626
308.9319
332.9964
303.3823
298.6089
306.3073
286.6493
295.4836
320.7769
42.63784
51.47937
59.42417
66.64321
52.14046
47.3381
53.54781
46.82587
54.56419
63.72894
63.82098
56.32234
56.98111
48.70268
56.46664
51.8093
50.00711
45.54391
60.21621
46.49099
44.14813
54.98918
52.5582
58.53812
55.47236
53.78563
52.993
60.19872
56.10007
51.09764
54.40274
62.68008
64.32944
68.22482
66.36472
73.3288
65.16092
58.01508
