184.6305
179.7422
180.3238
180.3331
180.2595
184.8191
183.4186
185.8272
184.4733
181.458
197.8439
183.5036
180.715
180.5746
173.1878
178.8654
183.8961
181.0522
184.4819
180.641
185.7511
187.5415
186.3066
180.1568
182.4439
182.4043
180.0921
179.7314
172.8729
175.1005
183.1643
177.0229
184.2142
183.4311
204.1775
198.7275
208.3098
250.518
308.0881
308.5181
287.596
296.2845
290.2328
296.881
302.0674
310.4132
294.4106
295.3836
294.7716
299.3736
300.0467
308.8547
292.9112
296.4698
300.0485
299.1215
294.4967
302.1654
291.0415
300.4747
303.0094
303.5179
306.9417
312.7412
330.8083
317.2281
305.5992
307.7803
288.9194
302.5576
306.7669
18.77411
57.47661
53.10493
44.80589
50.30254
60.23758
58.84302
66.7118
62.51667
58.55262
56.57113
60.68516
45.27487
48.32455
57.3857
59.81548
54.38293
64.72523
59.13299
57.63125
58.44223
55.29039
66.19719
61.88373
63.82747
52.94949
62.96391
62.69559
61.51416
57.52322
64.17641
62.57436
60.38156
57.95102
54.27984
67.70586
63.74761
