187.779
188.3536
186.8318
190.4821
183.3158
197.9984
186.9442
186.9733
180.575
191.1206
185.2874
182.6852
183.3424
180.9855
189.9348
182.7517
174.0355
174.4903
178.7635
177.8066
179.3252
177.9436
179.4134
178.8511
187.0629
180.5589
181.0904
175.9645
182.5603
177.382
179.8741
182.0422
183.54
183.0196
179.8737
187.7487
192.032
257.5808
308.1556
296.7058
307.6711
308.3817
298.2534
316.2979
299.6219
314.7924
307.4789
299.6142
301.4627
302.783
301.9533
300.715
307.4537
296.2908
302.3745
294.18
315.7932
307.8469
303.1543
312.0964
303.4532
297.3041
314.258
297.5747
311.5804
302.259
304.3979
304.5266
314.1257
316.9504
299.4724
315.2301
301.3422
356.7285
57.36692
58.15261
60.41711
49.01661
37.39464
64.96488
56.38848
50.54346
57.49614
40.28569
64.71428
58.25994
53.81445
60.32996
52.54759
46.03588
50.33131
45.99352
55.88746
59.75024
53.24684
51.93287
46.14034
44.73314
49.83915
47.95562
46.26629
60.33873
50.11165
38.90784
56.89415
45.89053
56.26046
46.13464
46.95342
49.67044
56.55323
