188.5316
187.52
188.9501
190.6913
183.694
185.0797
189.7927
186.7624
183.3537
191.3436
185.6244
182.4793
179.1779
180.7454
180.392
179.0372
181.2849
178.058
176.7599
183.1711
175.0676
181.126
184.8698
178.2293
173.0213
186.5657
175.0911
178.7907
179.9182
181.4294
182.4365
183.7485
180.1742
177.097
166.5277
173.9062
177.6391
233.5524
298.6038
298.5966
309.8417
297.8719
296.8395
292.3292
291.6087
296.1963
297.0135
294.4306
284.0928
301.0399
302.8885
303.7896
295.248
297.2554
294.1387
295.2742
297.1496
289.9411
290.2148
301.9095
310.8286
290.1741
318.9515
302.3941
289.348
300.7589
303.5675
309.8664
302.1875
294.8809
289.4981
292.3777
298.4718
297.1183
301.3508
331.0722
44.52412
64.89265
67.29675
60.40618
64.75488
60.13704
64.83656
67.34089
55.47222
50.05373
64.28175
67.61719
57.36423
60.38625
57.0587
57.81477
50.53614
56.68794
56.135
61.30545
65.16634
63.95956
57.75714
57.88107
61.7226
59.13021
57.89897
54.42471
59.45548
59.17296
59.74893
53.62545
63.39075
48.56845
48.46667
63.46544
60.38749
