186.1753
184.5879
183.8277
183.379
184.8801
184.6583
183.7464
183.1823
182.2748
181.6608
182.1299
181.7189
186.2867
185.1663
183.8342
181.4722
179.2199
181.7763
179.5484
178.7741
178.2445
176.0847
177.094
178.1338
177.249
178.002
174.5997
172.6796
174.0459
173.7037
173.5266
179.9749
176.3446
173.0788
172.4997
172.6927
173.2535
171.1104
171.1936
171.0943
172.6346
171.4364
174.7047
168.4782
171.9474
169.9312
171.2515
163.732
238.841
335.7499
336.7732
338.8365
342.4597
345.7351
347.3788
343.6775
346.3939
349.0527
351.0166
352.7513
353.0725
352.6599
353.8127
354.8914
355.7483
356.1231
355.998
353.9999
354.0233
357.1132
354.6135
353.4202
356.771
356.7413
355.7796
354.5827
355.9226
0.08731677
359.5348
0.8779665
2.052932
358.1276
0.4699805
0.9597415
2.156513
1.884595
4.296355
4.195498
4.38848
5.84537
5.662154
6.757236
11.78507
9.428233
3.708669
6.089036
8.978009
11.14504
13.73178
14.999
