188.5725
191.3345
189.9686
188.7347
187.0111
187.7647
185.2858
185.2991
185.3366
182.6872
183.9974
184.8478
183.0119
181.2791
181.6656
181.3001
179.1107
178.9178
178.3556
179.1515
179.5369
180.3636
179.6892
176.8526
176.5606
175.0847
174.9197
172.6842
171.8588
169.8371
167.863
167.9305
167.5185
168.1499
164.4479
165.9401
167.2561
168.6404
165.4865
165.9651
163.6171
165.0235
159.6577
162.851
161.572
166.5625
162.242
263.292
337.6082
338.7083
342.461
338.4926
339.172
330.2175
338.1193
342.2631
345.1566
346.9018
351.174
351.1567
346.3776
349.5061
349.9666
352.938
350.4883
352.5798
352.8756
353.5922
354.1456
357.2996
353.7465
356.0392
355.806
359.3818
359.3637
359.9854
0.459556
358.7415
2.323806
6.269804
6.85013
7.48877
3.607821
5.962132
6.733905
9.653165
10.90724
8.432357
7.899636
5.872191
9.983925
9.19811
