190.4823
191.6365
191.3381
190.0171
190.3329
190.2258
189.866
189.968
188.2052
186.8797
184.8217
184.4793
183.8231
183.4925
181.4807
180.7575
180.504
179.8434
178.5513
177.5629
178.4321
178.2478
177.2786
174.7434
173.0864
174.0652
174.2992
173.1342
172.3139
171.7863
170.9622
172.1559
166.5936
168.8549
169.0968
167.705
164.3073
161.1393
162.8805
160.8152
166.9126
166.9077
165.4447
164.6402
161.3207
168.8913
191.3462
343.437
347.6882
341.7076
346.9702
359.9257
349.531
353.792
347.7952
346.0215
346.0261
348.3986
348.3018
347.8163
347.2483
352.2791
350.3143
354.9399
354.7646
354.2739
353.7799
355.7808
357.0966
354.9021
356.1309
358.7714
357.3726
358.9023
359.6678
358.6663
359.9406
0.6807542
3.580555
3.165923
4.881482
5.405266
7.118889
7.200935
6.810288
11.02827
13.12783
11.7734
14.664
15.68417
13.93398
15.03155
12.49098
16.3611
18.44704
