189.6954
190.1861
190.3094
192.6146
189.3609
187.2003
187.5572
185.2683
185.2053
184.34
185.595
183.8256
188.6206
187.446
186.5204
188.3865
186.0403
181.935
183.1973
181.9846
181.2932
178.4079
178.1245
179.2166
177.5495
176.3523
175.4737
174.5828
173.6537
172.4413
171.4999
171.7101
171.3286
168.1264
165.3964
165.785
167.3091
163.7974
168.8186
168.9185
164.5961
156.1756
156.9211
161.3596
165.4709
176.14
158.7088
303.765
324.9756
338.2779
336.1103
338.8655
344.9594
349.0648
340.2035
343.2762
348.36
347.9095
344.8561
346.5652
349.9936
347.5551
348.8712
352.9679
353.0062
352.5922
349.8001
354.6615
351.688
355.4088
354.5718
355.2387
356.7516
356.3515
356.762
358.7748
0.9602452
2.218907
1.343973
1.150351
1.360504
1.595654
3.269883
3.574381
3.971685
5.538467
6.706506
7.671189
8.612982
10.18297
9.207315
9.495119
7.31207
6.930758
9.727557
