191.2234
191.2379
188.657
188.3455
187.4054
187.4613
188.5753
186.0651
186.2872
186.0113
183.9868
183.5353
183.2218
183.7765
179.1699
181.2008
181.4634
179.8453
177.8249
179.4065
178.0708
178.059
177.0266
173.4604
175.7535
178.3319
177.921
175.3587
176.0558
173.1368
171.3943
171.1182
171.0396
167.4336
169.3491
163.8719
166.5968
165.1701
161.0869
164.2946
163.2207
167.1754
168.7305
165.1698
159.7864
159.6378
297.1855
338.2786
331.1859
343.2768
344.8915
347.4742
347.4501
346.2071
348.3184
348.1751
345.2593
350.945
349.3134
343.1558
349.2152
351.8598
352.2382
354.7468
354.0887
354.5415
355.625
356.7133
354.1257
353.9088
354.907
356.5418
358.0594
358.5932
1.462201
2.652974
358.3627
4.942235
4.702489
9.327986
10.0875
7.307483
9.589581
12.22233
12.44691
9.079208
10.24945
11.32113
8.99995
9.798522
9.052801
7.993782
8.761737
10.09078
