212.795
206.5544
208.4587
202.3208
198.7425
196.5659
194.1387
190.9528
189.9801
189.2094
185.7329
183.2838
185.1909
185.5349
185.8097
182.2657
181.9507
182.055
180.6537
179.4268
178.244
175.3548
174.882
172.1469
172.3733
170.7537
171.4984
166.1144
164.6097
166.0289
166.8925
169.3745
168.266
170.3226
168.0053
167.2858
165.921
164.6843
165.6798
164.1986
164.3784
232.2471
340.7498
335.8613
341.3374
344.5627
342.1175
339.7
347.0029
351.8017
351.2589
351.2951
351.7294
350.9918
352.116
355.1121
354.756
351.491
353.1674
354.6422
354.7926
358.3727
358.6571
357.3459
358.7527
5.273963
3.7527
3.731362
4.395187
7.622031
6.025317
5.993897
7.349026
9.333543
11.41215
12.61164
12.08568
12.2242
16.48842
17.92314
13.9573
13.47372
16.9538
19.18322
21.29744
23.12926
24.04363
