195.1325
194.2066
193.7154
193.8365
192.1044
190.7074
190.2802
189.7008
192.8666
192.4443
191.0213
189.3461
185.763
184.0348
183.4959
181.0454
179.3654
180.5113
180.1834
179.9009
180.1336
176.6144
175.8368
175.6847
174.1507
174.5649
174.0654
171.8188
171.5728
169.7054
173.7546
172.0791
170.4917
166.1669
167.0643
162.9532
165.758
163.6659
167.4842
169.849
163.7215
157.0512
169.2545
166.1142
228.1288
339.6214
342.7296
347.5367
345.9078
346.6745
348.0536
343.9786
346.9144
348.4969
342.8587
346.9135
348.1711
356.9214
353.2954
353.2252
354.4667
354.7736
354.2597
355.0035
353.7562
356.3436
356.3458
356.0058
359.9443
0.4205094
357.6042
358.1512
358.4966
3.478001
3.906032
3.674307
2.980428
2.317693
2.353789
3.92576
3.879212
6.808442
5.455409
5.042508
12.23379
11.57764
12.11347
11.38159
16.01571
15.10246
17.24605
16.14853
