189.2311
188.4523
186.9195
181.8367
184.2754
181.4891
180.4887
180.596
178.7513
183.6975
182.8471
182.9105
183.3012
183.448
181.1469
176.8434
175.7975
177.2591
172.4087
172.7811
172.7249
173.2932
174.7978
174.6938
165.2939
169.5558
168.2672
169.5343
170.6365
169.9538
168.4765
168.121
165.9313
166.3942
166.1044
167.436
167.9435
159.2045
161.8899
157.8462
160.2432
162.471
194.6247
344.2348
346.8185
345.6833
348.2267
345.3917
343.0848
338.4655
339.7277
344.3364
350.3257
351.5641
347.9121
350.0772
352.3089
351.6552
351.093
352.3875
351.6269
353.985
354.0285
354.8904
354.2292
354.1899
356.234
357.2772
357.8492
356.2161
357.7765
358.4068
359.0666
359.1879
357.232
358.3175
1.406928
6.18945
6.151605
6.398509
6.19963
6.813845
5.144672
4.709027
6.145671
10.5359
12.24769
9.433314
10.33676
9.959721
9.255963
