186.1996
185.6858
185.9131
188.927
187.8757
187.1214
184.4682
185.1295
184.8112
183.8885
180.4224
182.2084
183.443
182.2143
176.2226
177.5278
176.591
173.031
176.2328
177.4731
177.8744
177.2968
176.3214
172.084
170.9399
171.2595
170.3775
169.0605
167.5721
166.5067
167.3074
166.213
162.3732
164.8014
167.9269
165.7842
164.9234
164.3187
166.5256
162.6646
176.9408
176.0286
182.3548
210.3825
343.3057
336.5038
341.3755
340.1111
343.4196
341.8543
345.019
345.2015
343.5267
346.2923
346.724
348.6735
347.4608
347.2952
348.2306
351.1496
350.3897
353.476
354.2725
355.9461
356.7669
355.0731
355.819
354.6844
353.762
353.3027
355.1792
358.7575
358.9989
1.830426
358.9511
0.9016951
4.871678
4.399511
7.513284
8.618066
8.817529
6.730564
9.986078
4.940645
8.495922
11.8576
11.97803
11.07305
8.037775
8.442109
