209.0232
207.9568
202.1421
201.7166
199.1348
200.0327
199.087
196.1984
198.1717
197.6225
193.4868
189.5966
189.4598
188.0571
187.986
182.5103
182.2911
182.4764
181.1357
179.3773
174.5341
174.3463
176.41
171.9488
171.7462
172.6761
172.1912
172.1446
173.5996
166.0916
162.3416
164.9037
165.9107
163.1652
162.6735
161.6863
160.4941
161.9101
161.7778
159.3359
159.8206
160.8569
155.3075
220.3361
335.3556
333.6584
333.7049
337.1989
336.566
341.764
343.2134
346.1501
334.6293
338.358
342.8578
341.6442
344.3281
345.6995
344.5468
340.7962
343.1781
346.6176
348.1219
343.7349
344.5497
349.5917
349.7034
350.2248
356.2018
355.3332
355.9429
351.6972
356.2407
358.2776
358.9182
0.7154775
2.66431
3.756968
6.642999
7.097966
6.619315
9.575022
13.72927
7.217957
10.76239
17.24323
9.872898
16.25882
34.83226
29.01849
