186.994
187.7813
186.6214
186.6961
193.9137
189.6923
188.9513
185.761
184.7551
181.8152
180.1985
179.2526
178.5182
179.4761
181.5287
180.2812
179.2412
176.3067
174.67
175.6383
175.5972
173.1484
173.9388
177.1116
176.7291
175.3886
174.4543
176.2106
173.2894
174.3073
174.1015
174.2779
172.1854
171.7007
172.2695
168.4488
168.9189
165.9416
176.0934
170.9647
253.459
341.4602
341.0851
346.5394
348.4541
344.68
349.4161
349.1341
350.4102
350.3196
351.3636
355.5674
353.7595
356.0722
354.0218
356.5659
353.4828
354.183
355.6396
357.4398
3.116399
0.328953
1.444257
3.812546
1.311599
2.234789
1.47851
4.050061
3.680827
4.919732
5.264537
4.508142
8.243686
9.054743
9.04011
6.744503
5.83466
7.175333
12.35467
8.853002
8.398263
9.759021
9.730025
14.52557
12.37738
10.3138
8.693614
