191.6507
192.6704
190.961
190.5133
190.8332
189.7543
189.1742
189.3194
187.8463
187.4406
187.3705
185.5739
183.524
182.3877
182.2081
182.0763
180.1422
179.6541
179.1246
176.4035
173.8556
171.7681
172.2818
169.7242
168.4631
168.7282
162.9656
166.6346
166.6442
164.0957
164.5925
158.4486
162.1103
161.3672
159.3334
162.3721
160.964
162.2932
160.8455
160.7773
162.0853
163.0264
171.4586
289.8149
330.1919
336.79
337.918
336.3745
338.724
339.9644
340.4817
339.7286
341.2919
344.6877
346.6356
345.3702
349.9435
350.2075
345.5461
350.3992
350.8604
350.5519
351.9646
352.4425
355.0059
355.1479
356.92
358.8012
358.5794
358.6581
357.0182
0.9495996
2.066838
2.184263
359.6943
3.061449
4.070233
6.133507
7.37732
9.27872
10.44674
9.819241
15.17958
12.87736
7.861098
9.902116
15.53504
18.48709
15.72921
15.37949
