213.2763
207.3253
217.0165
195.5687
193.0933
190.109
191.1595
200.6974
192.4556
187.6339
185.8571
183.9509
181.0141
183.1776
178.3487
179.8646
178.3551
176.6779
171.2379
176.853
174.4808
172.3361
171.6254
170.1122
171.6499
171.8248
168.8636
169.8182
167.8493
166.3013
167.0564
165.7403
167.2616
165.8475
169.3521
164.4118
164.3875
161.531
164.2014
161.8934
165.0947
181.5412
178.044
253.7684
326.4855
332.0816
336.7683
348.3692
337.4856
338.8549
330.889
335.6544
338.4248
345.2691
342.575
340.9075
340.5024
345.4782
344.5211
348.556
349.6087
351.2875
354.3842
352.8852
349.7205
351.348
353.4949
353.6223
355.8781
356.579
357.6871
359.286
0.1847518
1.342843
2.943322
3.171659
4.400763
3.678613
6.950516
11.34959
12.1281
18.15489
13.768
13.4194
17.58475
18.78987
18.5543
18.70146
19.27863
22.93183
25.33598
39.22579
