191.1418
190.2574
190.4696
189.7383
188.5695
186.152
184.982
184.4429
186.1688
183.748
184.9429
185.0843
184.1112
181.9786
181.2842
180.8482
179.6496
178.1128
180.2401
177.4632
177.3423
177.2357
177.3772
165.5741
164.3535
168.9324
168.6496
169.3823
169.4708
163.6261
162.9117
162.4363
161.331
162.475
164.5798
163.2058
149.8098
153.6597
246.583
341.3328
342.1642
348.5477
346.2344
345.1307
345.7946
348.6274
349.4023
349.4207
350.0804
350.4328
349.2767
346.0678
351.7624
352.0308
354.467
352.5045
353.7972
353.6017
355.6856
356.2052
352.8907
357.9272
358.6548
2.058709
1.149944
1.973819
1.523558
3.18012
7.276223
7.883856
8.688333
4.573178
8.783382
5.02981
10.87031
9.973342
15.72279
14.92453
16.67536
17.79555
14.68457
12.83539
12.84041
10.98858
12.88752
