191.3391
189.2739
192.6232
190.6575
190.5167
192.2876
189.7807
188.3582
188.3818
188.4462
185.8076
184.3364
184.9893
179.996
177.1019
176.9891
178.0588
177.9844
174.9643
176.8469
175.3312
174.9383
175.6946
174.7147
175.1786
173.6154
174.0652
172.6143
173.1567
171.0069
168.4858
170.3509
168.9161
170.3125
169.6213
169.0157
167.9559
163.6069
161.6442
166.7358
172.4201
171.7294
161.1466
230.5357
332.0265
338.0302
346.1956
346.226
349.5643
343.9664
348.3032
351.0161
343.9313
346.4809
349.407
348.3283
348.0282
349.2256
346.7367
350.7263
350.3498
351.5211
350.3401
348.2256
349.1452
354.1927
350.7161
353.3168
350.4178
353.4831
351.8294
355.7685
357.1872
357.9547
359.1058
2.353943
2.615941
5.849734
6.632207
6.173551
4.398613
4.940491
5.188298
2.627155
1.463462
3.23759
6.35982
11.74383
9.90205
11.16604
11.97907
